VertexNum = 1:1000;
Operations = [12 28 44 66 92 122 156 195 236 282 332 386 444 506 572 642 716 794 876 962 1052 1146 1244 1346 1452 1562 1676 1794 1916 2042 2172 2306 2444 2586 2732 2882 3036 3194 3356 3522 3692 3866 4044 4226 4412 4602 4796 4994 5196 5402 5612 5826 6044 6266 6492 6722 6956 7194 7436 7682 7932 8186 8444 8706 8972 9242 9516 9794 10076 10362 10652 10946 11244 11546 11852 12162 12476 12794 13116 13442 13772 14106 14444 14786 15132 15482 15836 16194 16556 16922 17292 17666 18044 18426 18812 19202 19596 19994 20396 20802 21212 21626 22044 22466 22892 23322 23756 24194 24636 25082 25532 25986 26444 26906 27372 27842 28316 28794 29276 29762 30252 30746 31244 31746 32252 32762 33276 33794 34316 34842 35372 35906 36444 36986 37532 38082 38636 39194 39756 40322 40892 41466 42044 42626 43212 43802 44396 44994 45596 46202 46812 47426 48044 48666 49292 49922 50556 51194 51836 52482 53132 53786 54444 55106 55772 56442 57116 57794 58476 59162 59852 60546 61244 61946 62652 63362 64076 64794 65516 66242 66972 67706 68444 69186 69932 70682 71436 72194 72956 73722 74492 75266 76044 76826 77612 78402 79196 79994 80796 81602 82412 83226 84044 84866 85692 86522 87356 88194 89036 89882 90732 91586 92444 93306 94172 95042 95916 96794 97676 98562 99452 100346 101244 102146 103052 103962 104876 105794 106716 107642 108572 109506 110444 111386 112332 113282 114236 115194 116156 117122 118092 119066 120044 121026 122012 123002 123996 124994 125996 127002 128012 129026 130044 131066 132092 133122 134156 135194 136236 137282 138332 139386 140444 141506 142572 143642 144716 145794 146876 147962 149052 150146 151244 152346 153452 154562 155676 156794 157916 159042 160172 161306 162444 163586 164732 165882 167036 168194 169356 170522 171692 172866 174044 175226 176412 177602 178796 179994 181196 182402 183612 184826 186044 187266 188492 189722 190956 192194 193436 194682 195932 197186 198444 199706 200972 202242 203516 204794 206076 207362 208652 209946 211244 212546 213852 215162 216476 217794 219116 220442 221772 223106 224444 225786 227132 228482 229836 231194 232556 233922 235292 236666 238044 239426 240812 242202 243596 244994 246396 247802 249212 250626 252044 253466 254892 256322 257756 259194 260636 262082 263532 264986 266444 267906 269372 270842 272316 273794 275276 276762 278252 279746 281244 282746 284252 285762 287276 288794 290316 291842 293372 294906 296444 297986 299532 301082 302636 304194 305756 307322 308892 310466 312044 313626 315212 316802 318396 319994 321596 323202 324812 326426 328044 329666 331292 332922 334556 336194 337836 339482 341132 342786 344444 346106 347772 349442 351116 352794 354476 356162 357852 359546 361244 362946 364652 366362 368076 369794 371516 373242 374972 376706 378444 380186 381932 383682 385436 387194 388956 390722 392492 394266 396044 397826 399612 401402 403196 404994 406796 408602 410412 412226 414044 415866 417692 419522 421356 423194 425036 426882 428732 430586 432444 434306 436172 438042 439916 441794 443676 445562 447452 449346 451244 453146 455052 456962 458876 460794 462716 464642 466572 468506 470444 472386 474332 476282 478236 480194 482156 484122 486092 488066 490044 492026 494012 496002 497996 499994 501996 504002 506012 508026 510044 512066 514092 516122 518156 520194 522236 524282 526332 528386 530444 532506 534572 536642 538716 540794 542876 544962 547052 549146 551244 553346 555452 557562 559676 561794 563916 566042 568172 570306 572444 574586 576732 578882 581036 583194 585356 587522 589692 591866 594044 596226 598412 600602 602796 604994 607196 609402 611612 613826 616044 618266 620492 622722 624956 627194 629436 631682 633932 636186 638444 640706 642972 645242 647516 649794 652076 654362 656652 658946 661244 663546 665852 668162 670476 672794 675116 677442 679772 682106 684444 686786 689132 691482 693836 696194 698556 700922 703292 705666 708044 710426 712812 715202 717596 719994 722396 724802 727212 729626 732044 734466 736892 739322 741756 744194 746636 749082 751532 753986 756444 758906 761372 763842 766316 768794 771276 773762 776252 778746 781244 783746 786252 788762 791276 793794 796316 798842 801372 803906 806444 808986 811532 814082 816636 819194 821756 824322 826892 829466 832044 834626 837212 839802 842396 844994 847596 850202 852812 855426 858044 860666 863292 865922 868556 871194 873836 876482 879132 881786 884444 887106 889772 892442 895116 897794 900476 903162 905852 908546 911244 913946 916652 919362 922076 924794 927516 930242 932972 935706 938444 941186 943932 946682 949436 952194 954956 957722 960492 963266 966044 968826 971612 974402 977196 979994 982796 985602 988412 991226 994044 996866 999692 1002522 1005356 1008194 1011036 1013882 1016732 1019586 1022444 1025306 1028172 1031042 1033916 1036794 1039676 1042562 1045452 1048346 1051244 1054146 1057052 1059962 1062876 1065794 1068716 1071642 1074572 1077506 1080444 1083386 1086332 1089282 1092236 1095194 1098156 1101122 1104092 1107066 1110044 1113026 1116012 1119002 1121996 1124994 1127996 1131002 1134012 1137026 1140044 1143066 1146092 1149122 1152156 1155194 1158236 1161282 1164332 1167386 1170444 1173506 1176572 1179642 1182716 1185794 1188876 1191962 1195052 1198146 1201244 1204346 1207452 1210562 1213676 1216794 1219916 1223042 1226172 1229306 1232444 1235586 1238732 1241882 1245036 1248194 1251356 1254522 1257692 1260866 1264044 1267226 1270412 1273602 1276796 1279994 1283196 1286402 1289612 1292826 1296044 1299266 1302492 1305722 1308956 1312194 1315436 1318682 1321932 1325186 1328444 1331706 1334972 1338242 1341516 1344794 1348076 1351362 1354652 1357946 1361244 1364546 1367852 1371162 1374476 1377794 1381116 1384442 1387772 1391106 1394444 1397786 1401132 1404482 1407836 1411194 1414556 1417922 1421292 1424666 1428044 1431426 1434812 1438202 1441596 1444994 1448396 1451802 1455212 1458626 1462044 1465466 1468892 1472322 1475756 1479194 1482636 1486082 1489532 1492986 1496444 1499906 1503372 1506842 1510316 1513794 1517276 1520762 1524252 1527746 1531244 1534746 1538252 1541762 1545276 1548794 1552316 1555842 1559372 1562906 1566444 1569986 1573532 1577082 1580636 1584194 1587756 1591322 1594892 1598466 1602044 1605626 1609212 1612802 1616396 1619994 1623596 1627202 1630812 1634426 1638044 1641666 1645292 1648922 1652556 1656194 1659836 1663482 1667132 1670786 1674444 1678106 1681772 1685442 1689116 1692794 1696476 1700162 1703852 1707546 1711244 1714946 1718652 1722362 1726076 1729794 1733516 1737242 1740972 1744706 1748444 1752186 1755932 1759682 1763436 1767194 1770956 1774722 1778492 1782266 1786044 1789826 1793612 1797402 1801196 1804994 1808796 1812602 1816412 1820226 1824044 1827866 1831692 1835522 1839356 1843194 1847036 1850882 1854732 1858586 1862444 1866306 1870172 1874042 1877916 1881794 1885676 1889562 1893452 1897346 1901244 1905146 1909052 1912962 1916876 1920794 1924716 1928642 1932572 1936506 1940444 1944386 1948332 1952282 1956236 1960194 1964156 1968122 1972092 1976066 1980044 1984026 1988012 1992002 1995996 1999994 2003996 2008002 ];
